  -2.9709140e+00   1.7141728e+00
   3.2552875e+00  -1.8431013e+00
  -4.2426374e+00   2.2930874e+00
   3.6928709e+00  -1.7461094e+00
  -5.1470742e+00   1.9606533e+00
  -3.4308232e+00   3.7860122e+00
  -2.8099300e+00   1.2930226e+00
  -2.4398553e+00   1.8552491e+00
   1.0348573e+00  -2.8219767e+00
   1.5191078e+00  -1.2492683e+00
  -4.1968105e+00   3.1089454e+00
  -5.1053130e+00   2.0275491e+00
   5.1605494e-01  -2.5837893e+00
   1.7206271e+00  -1.3300828e+00
  -1.0342448e+00   2.2247480e+00
   9.5059497e-01  -3.3295807e+00
   2.5112069e+00  -2.1545472e+00
  -6.3533224e+00   1.4567111e+00
  -4.7990786e+00   2.6855790e+00
   1.7125885e+00  -2.1373415e+00
   3.6777089e+00  -2.1189744e+00
   2.0895354e+00  -1.4075359e+00
  -1.3847898e+00   3.4426781e-01
  -2.0525316e+00   2.4659584e+00
   1.1722684e+00  -3.8447834e+00
  -7.1696978e-01   1.2434593e+00
  -2.0730198e+00   2.2601537e+00
  -2.5335598e+00   3.5420026e-02
  -4.6116793e+00   2.9110262e+00
  -9.4022553e-01   1.4835559e+00
  -2.4804723e+00   2.0414270e+00
   2.6014141e+00  -2.8532747e+00
  -6.9108821e+00   2.4933550e+00
  -2.9849153e+00   2.1700518e+00
   2.2110154e+00  -1.5333785e+00
   2.3090700e+00  -1.5195755e+00
  -2.8214957e+00   2.2407550e-01
  -9.5441441e-02   3.4709218e+00
  -5.9961142e+00   2.3255888e+00
   2.4263148e+00  -1.9628006e+00
  -4.0749167e+00   2.0986961e+00
   1.7395206e+00  -2.3548045e+00
   9.7593127e-01  -3.0908102e+00
  -3.4506560e+00   1.6799909e+00
  -3.1693270e+00   2.0783478e+00
  -2.1520890e+00   5.5091714e-01
  -8.1865452e-01   1.5498029e+00
   2.5089425e+00  -8.3441764e-01
  -5.0266294e+00   1.7501931e+00
  -7.7758848e-01   2.8183506e+00
  -2.3370604e+00   1.4425262e+00
   2.8491646e+00  -6.0076027e+00
   5.2009734e-01  -3.0514630e+00
  -2.3597439e+00   1.5687839e+00
   1.4308273e+00  -3.2945820e+00
   3.2588351e+00  -1.9919434e+00
  -5.6858248e+00   1.2003070e+00
  -4.2012543e+00   2.8487558e+00
  -3.3635103e+00   2.1639276e+00
   3.3410511e+00  -1.1438348e+00
   1.9287723e+00  -1.6510796e+00
   1.4790692e+00  -1.1140547e+00
  -2.5353668e+00   3.7408762e+00
  -1.8542258e-01   2.4362051e+00
   2.1707798e+00  -1.9818153e+00
   1.9452237e+00  -1.6315891e+00
  -3.0288233e+00   1.8988862e-01
   2.6306249e+00  -2.5601205e+00
  -1.8950453e+00   9.1556543e-01
  -2.1806682e+00   8.0810210e-01
   1.9555772e+00   1.4476160e-02
   2.5073328e+00  -2.4494807e-01
  -7.0752696e-01   3.0894915e+00
  -3.7533109e+00   2.2870338e+00
  -4.6983904e+00   2.6064548e+00
  -1.8219507e+00   3.5278258e+00
  -1.8465827e+00   2.5587838e+00
  -1.5738831e+00   2.3296393e+00
   3.0419811e+00  -3.6832866e+00
   1.8089964e+00  -2.1023166e+00
  -1.6960996e+00   2.2493343e+00
   2.9339951e+00  -1.2559942e+00
   1.8521001e+00  -1.2878621e+00
  -1.0850114e+00   1.4517117e+00
  -1.5962945e+00   3.4629454e+00
  -3.3462981e+00   3.1518070e+00
  -5.7373240e+00   1.1519376e+00
   8.1842320e-02  -1.2758151e+00
  -3.9651060e+00   1.8740345e+00
   1.6388288e+00  -3.4313749e+00
   2.7599147e+00  -1.6323471e+00
   3.1213966e+00  -3.1040158e-01
  -5.0339087e+00   6.3608009e-01
  -1.7817760e+00   2.2288949e-01
   1.7015246e+00  -1.2553485e+00
   2.2461170e+00  -1.3037273e+00
  -6.0282197e-01   2.6592848e+00
  -1.4380735e-01   6.2042456e-01
  -2.3023123e+00   2.3534482e+00
   1.9203617e+00  -2.1137775e+00
  -6.0157057e+00   1.8198194e+00
  -8.8079464e-01   3.7341249e+00
  -2.9223196e+00   2.2042215e+00
  -2.5592205e+00   2.7780361e+00
  -4.4954521e+00   2.3114566e+00
  -1.3175066e+00   5.6506907e-01
  -5.0792970e+00   2.3521872e+00
   4.1945640e+00  -2.1187200e+00
  -4.7951111e+00   2.1016680e+00
  -2.3803722e+00   2.1145692e+00
  -1.4075714e+00   3.7447078e+00
  -3.5684321e+00   2.8315603e+00
   2.0160469e+00  -2.0214481e+00
   3.0074493e+00  -3.4471727e+00
   2.7470374e+00  -3.1895824e+00
  -3.0473975e+00   2.9459312e-01
  -5.8183425e+00   2.3649595e+00
   4.0549091e+00  -1.9795251e+00
  -5.7605069e+00   1.4878714e+00
  -1.4898351e+00   2.3854469e+00
   2.1571235e+00  -2.0713605e+00
  -1.4610023e+00   2.3102884e+00
   1.3721531e+00  -1.6096709e+00
  -2.7246563e+00   1.5672009e+00
   2.6031849e+00  -2.1196553e+00
  -7.5464864e-01   1.1767548e+00
   2.0360620e+00  -2.4855020e+00
   2.1278426e+00  -1.7280715e+00
  -8.2320299e-01   1.1678294e+00
  -1.5624285e+00   1.5432066e+00
   3.1700678e-01   1.4365385e+00
  -5.3231819e+00   1.8770227e+00
   3.5493742e+00  -2.4037251e+00
  -2.1462771e+00   3.3120064e+00
   3.1650327e+00  -4.0725509e-01
  -2.6779244e+00   3.9556728e+00
  -3.6651219e+00   3.2710230e+00
  -1.2522253e+00   4.6526505e+00
   3.3914463e-01   9.2017121e-01
  -4.5774205e+00   2.4196495e+00
   1.9937438e+00  -1.4045538e+00
  -3.2997516e+00   2.5418694e+00
   1.1408248e+00  -1.1431829e+00
  -1.8187837e+00  -5.5344540e-01
   3.8713432e+00  -3.3883741e+00
  -4.5181184e+00   1.7314462e+00
  -7.0068295e-01   2.0542922e+00
   1.6643313e+00  -1.6888023e+00
   3.1223381e+00  -1.4958324e+00
  -4.5573499e+00   3.3896718e+00
  -2.1241181e+00   8.7727188e-02
   1.5453498e+00  -1.0007578e+00
  -5.3639164e+00   1.7775431e+00
  -2.1670457e+00   8.9632344e-01
   4.4788667e-01  -2.2596683e+00
   1.0231796e+00  -3.4547232e+00
   7.8245564e-01  -1.1609674e+00
   2.9198340e+00  -1.9194917e+00
   2.8930971e+00  -1.9979964e+00
  -2.2555172e+00   2.7681949e+00
  -1.4457888e+00   1.3859097e+00
  -3.0396733e+00   1.5221145e+00
   1.3534829e+00  -3.3381324e+00
  -7.3859088e+00   2.3901479e+00
   1.3043357e+00   6.2634562e-02
  -3.5398618e+00   1.9691311e+00
   2.2632554e+00  -7.5499928e-01
  -5.1612503e+00   1.9247213e+00
  -2.6022473e+00   3.6735721e+00
  -1.7406205e+00   1.4665980e-01
   2.6529404e+00  -3.9654584e+00
  -1.3812040e+00   2.4945518e+00
  -2.0637682e+00   2.4895049e+00
   2.3739205e+00  -2.4321113e+00
  -1.9119646e+00   2.0752865e+00
   2.0245688e+00  -2.4024020e+00
  -5.3907659e+00   2.0541883e+00
  -5.7148228e+00  -6.7916426e-01
   7.5493393e-01  -2.2954843e+00
   2.2324368e+00  -4.2716743e+00
  -5.3843029e+00   2.3820662e+00
   2.4820626e+00  -2.3523709e+00
  -2.5272448e+00   6.4052078e-01
   1.0571474e+00  -1.7825367e+00
  -5.8665114e+00   1.8761512e+00
  -1.4010565e+00   2.3992721e+00
  -2.5239264e+00   9.5628042e-01
   2.5709913e+00  -8.4539337e-01
  -3.6235572e+00   3.1226802e+00
   1.5615479e+00  -4.4041302e+00
  -5.5660898e+00   1.4734449e+00
   1.1189370e+00  -2.3191621e+00
   2.9123301e+00  -1.7506729e+00
  -1.0198706e+00   1.5289331e+00
   2.4335128e+00  -3.8958905e+00
   2.2103796e+00  -2.3658559e+00
  -1.7945314e+00   1.6195464e+00
  -7.0683006e-01   1.6116813e+00
   2.3450263e+00  -1.3165872e+00
  -2.3370457e+00   8.5560940e-01
  -2.7642577e+00   2.1017821e-01
   1.3122526e+00  -1.8373045e+00
   2.1666535e+00  -1.1048085e+00
   1.5442854e+00  -1.4677637e+00
  -6.9404100e+00   2.4858748e+00
  -2.1080503e+00   1.9831371e+00
  -1.7408126e+00   1.1324274e+00
  -2.1587183e+00   1.9924907e+00
   2.7427122e+00  -4.5490329e+00
  -2.0449240e+00   3.3421746e+00
  -5.6692692e+00   1.8913381e+00
   2.0254803e+00  -1.8019465e+00
   1.9176826e+00  -9.5912165e-01
  -4.7850525e+00   1.4628881e+00
  -1.5091160e+00   1.8975680e+00
   2.5197516e+00  -2.4323044e-01
   2.9909376e+00  -7.8599206e-01
   9.8624574e-01  -2.1533265e+00
  -3.2614636e+00   2.6206223e+00
   1.9421647e+00  -1.9196603e+00
  -4.1511771e+00   2.7747293e+00
   4.4059997e+00  -2.0705144e+00
   3.4425588e+00  -3.5253395e+00
  -1.9385152e+00  -4.8966911e-02
   1.1154694e+00  -1.9895767e+00
   2.8770215e+00  -1.1523047e+00
  -1.5728698e+00   4.5948635e+00
   3.3624128e+00  -1.4630377e+00
  -2.6965542e+00   3.3579815e+00
   3.1055279e+00  -3.5262730e+00
   1.0884503e+00   1.7857350e+00
   1.4162311e+00  -1.7745363e+00
   2.1311547e+00  -2.8156036e+00
  -2.6607187e+00   3.4398383e+00
  -3.5067607e+00   2.5306338e+00
  -1.4354049e+00   1.7838838e+00
  -2.0340156e+00   1.8334606e+00
  -5.2982151e+00   2.6833779e+00
  -5.9271625e+00   1.9517289e+00
   3.4210973e+00  -4.2303519e+00
  -4.8368183e+00   2.6383713e+00
   2.8713055e+00  -2.8943434e+00
  -3.8130248e+00   9.3564557e-01
  -5.0523608e+00   3.7622521e+00
  -6.8111272e+00   1.5533034e+00
  -2.1410216e+00   1.7249466e+00
   2.3917120e+00  -1.5582295e+00
  -3.5007751e+00   2.0496386e+00
   2.7798246e+00  -1.7242844e+00
   1.0644315e+00  -1.5039361e+00
  -3.7078494e+00   2.8689637e+00
  -1.2166602e+00   1.2921313e+00
   1.8631908e+00  -1.3647088e+00
  -1.7894043e+00   1.8788200e+00
   2.4022609e+00  -2.3333806e+00
   4.8281268e+00  -2.1842594e+00
   3.5643071e-01  -2.8186783e+00
  -1.3822306e+00   1.4075484e+00
   1.9456243e+00  -7.0076838e-01
  -6.4442984e+00   1.6118395e+00
   1.4874552e+00  -2.7919728e+00
   2.1635017e+00  -2.2654529e+00
  -4.9580724e+00   1.5470075e+00
  -5.3099778e+00   2.7682135e+00
   8.9838645e-01  -2.4965173e+00
  -4.0313457e+00   1.5948044e+00
  -4.7788643e+00   3.6449288e+00
  -5.6110934e+00   3.8655352e+00
  -8.9872914e-01   2.2391837e+00
  -2.0935303e+00   3.4931657e+00
   2.4191186e+00  -2.4644044e+00
  -1.7818126e+00   3.5714010e+00
  -3.3886019e+00  -1.7506549e-01
   1.1159556e+00  -1.6116291e+00
   2.8977003e+00  -2.8953244e+00
  -2.8626320e-01   1.4670999e+00
  -1.8484555e+00   2.5517999e+00
  -5.5367929e+00   2.8647672e+00
  -5.2352978e-01   1.8822998e+00
  -2.8068956e+00   2.6151514e+00
  -1.8874303e+00   2.6000646e+00
   1.7231165e+00  -2.0886342e+00
   2.3033159e+00  -1.2414080e+00
  -2.7778623e+00   7.8490264e-01
  -3.5749684e-01   1.3133626e+00
  -6.7663788e+00   2.3565793e+00
   1.2886091e+00  -1.9418425e+00
   2.2234575e+00  -1.1661688e+00
   2.3882854e+00  -9.1763643e-01
  -7.7348679e+00   1.0648217e+00
   2.8908980e+00  -1.5908874e+00
   5.9595251e-01  -1.1747088e+00
   1.6709674e+00  -2.8212881e+00
  -6.3074971e+00   1.8334898e+00
  -3.2031792e-01   3.4286013e+00
  -3.5858153e+00   1.8962480e+00
  -3.3199766e+00   2.0812011e+00
  -4.3517919e+00   1.3972952e+00
   2.8441245e+00  -2.6434794e+00
   1.6028837e+00  -1.6030562e+00
  -2.3850358e+00   2.0399644e+00
   1.2863801e+00  -2.2975861e-01
   2.5696888e+00  -2.0801440e+00
  -1.6171041e+00   1.3087073e+00
   2.0683356e+00  -2.3517151e+00
  -2.1335234e-01   2.2286770e+00
   2.6873473e+00  -1.4123700e+00
   9.5031423e-01  -2.5390587e+00
   8.7058665e-01  -2.4367805e+00
   2.2436737e+00  -2.5906450e+00
  -6.0728788e+00   2.3000718e+00
  -4.5730996e+00   9.3194847e-01
  -2.8480209e+00   2.1251723e+00
  -4.3972086e+00   1.3941710e+00
  -2.1799004e+00   1.9639463e+00
   3.0619686e+00  -5.4885639e-02
  -7.3301944e-01   2.3396588e+00
   2.3488236e+00  -3.6087621e+00
  -3.1383787e+00  -1.7010498e-01
  -1.6262352e+00   4.3455943e-01
   1.9653383e+00  -2.0458056e+00
  -6.1844292e+00   1.8438490e+00
   1.8707109e+00  -1.1104058e+00
  -8.8237505e-01   8.9675375e-01
  -4.7820474e+00   2.9426969e+00
  -5.9642516e-01   2.3838625e+00
  -5.6155597e+00   1.7171385e+00
   7.4874025e-01  -3.2717514e+00
  -5.3614418e+00   1.8656568e+00
  -3.6004653e+00   1.4120527e+00
   1.2396387e+00  -1.6062894e+00
  -3.0809419e+00   1.2851557e+00
   2.0396877e+00  -1.9598995e+00
   4.6225157e-01  -3.1879585e+00
  -2.5052703e+00   2.4187362e+00
   3.4190733e+00  -2.2741423e+00
  -1.7518101e+00   1.3821822e+00
   2.1201495e+00  -1.0898354e+00
   1.9602885e+00  -3.0885559e+00
  -1.2760013e-01   7.9499260e-01
  -1.3979710e+00   1.7854186e+00
  -1.9525811e+00   9.6411197e-01
  -4.8874717e-01   3.8102718e+00
   3.0116255e+00  -1.1445604e+00
   3.0206571e+00  -1.6377098e+00
   1.6753504e+00  -1.0781268e+00
  -3.3758384e+00   1.7018260e+00
   1.7728919e+00  -2.0455755e+00
   4.1502816e+00  -9.2202331e-01
  -5.4889249e+00   2.3053691e+00
   2.8382647e+00  -1.8837862e+00
  -3.3187385e+00   2.7320671e+00
  -4.4983454e+00   3.4144512e+00
   1.4814244e-01  -1.6501344e+00
  -5.7172743e+00   2.8038128e+00
  -1.4120301e+00   1.5128998e+00
   3.7486188e+00  -1.0696671e-02
  -6.0895571e+00   1.6259604e+00
  -2.3556311e+00   2.9286358e+00
  -1.6569048e+00   3.0929057e+00
   2.0831243e+00  -1.9589726e+00
  -4.0336010e-01  -3.0202927e-01
  -1.6438152e+00   2.8195572e+00
  -5.5560945e+00   3.3475796e+00
   3.1484988e+00  -1.0563447e+00
  -3.1122183e+00   2.1329219e+00
   8.1195832e-01  -2.4655076e+00
   1.8589071e+00  -3.0819502e+00
  -7.8931119e+00   9.8918700e-01
  -2.6766224e+00   2.1647606e+00
  -2.3974961e+00   1.9287499e+00
   3.8862895e-01  -2.9360596e+00
  -1.4810578e+00   3.9457253e+00
   8.2824715e-01  -9.3260932e-01
  -3.0088990e+00   1.7685541e+00
  -2.1664056e+00   1.6351216e+00
   5.2013016e-01   2.7878325e+00
  -2.4822482e+00   1.1845018e+00
  -4.2195340e+00   2.4628213e+00
  -6.4562044e+00   2.3798106e+00
  -1.7783247e+00   8.0066884e-01
  -1.6929657e+00   4.0227230e+00
  -2.4465648e+00   2.4722742e+00
  -3.9102827e+00   3.0251823e+00
  -4.1663885e+00   2.1929332e+00
  -3.6353644e+00   1.9904941e+00
  -6.6599234e-01  -2.2969778e+00
  -7.3673994e-01   2.3787675e+00
   1.8315866e+00  -1.5468655e+00
  -1.7581280e+00   2.9144303e+00
  -3.6283711e+00   8.7524587e-01
  -3.1577266e+00   3.6082847e+00
  -6.6040847e+00   2.6043291e+00
  -5.9253460e+00   5.4715593e-01
  -2.5560588e+00   2.7416675e+00
  -3.8918718e+00   2.7330361e+00
   2.1801039e+00  -2.7174113e+00
  -2.1829780e-01   3.3065720e+00
  -1.5317706e+00   2.6362071e+00
  -7.0072370e+00   1.9890076e+00
  -5.7476971e+00   2.8544748e+00
   1.4656195e+00  -1.2201689e+00
  -1.9217791e+00   2.6289935e+00
   5.2729177e-01   2.2062994e+00
   3.2977984e+00  -1.7671273e+00
   1.8839245e+00  -2.5666249e-01
  -8.7229882e-01   9.3289187e-01
   5.1957457e-01  -2.3777814e+00
   3.8887039e+00  -2.1750175e+00
  -2.8343947e+00  -8.0044009e-01
   2.6901463e+00  -2.7064164e+00
  -5.0034997e-01   2.0607706e+00
  -4.6175523e+00   1.7364781e+00
   1.5746228e+00  -2.4656983e+00
  -1.8645907e+00   2.5547168e+00
  -1.3096938e+00   1.8666700e+00
  -2.7786204e+00   3.1907437e+00
   4.0193350e+00  -1.0623735e+00
   2.2916568e+00  -3.2234823e+00
   5.3746441e-01  -1.8781359e+00
   2.2960718e+00  -2.9974232e+00
  -4.6272633e+00   2.8796358e+00
  -3.2859924e+00   1.4048822e+00
  -2.2734171e+00   2.4847554e+00
   1.3563647e+00  -2.1263732e+00
   8.4997786e-01  -3.4148109e+00
  -2.3135287e+00   1.0014237e-02
   2.6364787e+00  -2.6319948e+00
  -5.9918763e+00   1.8067558e+00
  -5.0343972e+00   1.9109701e+00
   1.8010322e+00  -2.1091722e+00
   1.3541574e+00  -9.2124806e-01
  -6.1806218e+00   1.2898289e+00
   2.5635755e+00  -9.8837200e-01
  -4.5438617e+00   1.0410976e+00
  -4.4306244e+00   9.9583084e-01
  -5.5643014e+00   1.1278469e+00
   1.1086202e+00  -3.2350518e+00
  -2.5855796e+00   3.7523236e+00
   2.1502304e+00  -1.3180542e+00
   1.6805308e+00  -1.4812984e+00
   1.3776077e+00  -2.7307125e+00
  -2.7764098e+00  -7.5649061e-02
  -2.7105004e+00   2.5404072e+00
  -4.2322024e+00   2.6950650e+00
  -2.0372572e+00   1.4241184e+00
  -1.1707206e+00   4.3867535e-01
   1.7599722e-02   2.5032446e+00
  -5.6228318e+00   1.7430299e+00
  -4.1095827e+00   2.2706730e+00
   2.3985881e+00  -1.8826234e+00
  -4.9312616e+00   1.6826450e+00
  -7.5891020e-01   1.0223390e+00
   3.6917774e-01   2.1300114e+00
  -3.2407373e+00   2.8173402e+00
  -5.4184874e+00   9.9408027e-01
   1.3648510e+00  -2.1595751e+00
   1.2148811e+00  -2.1972045e+00
   2.6459756e+00  -1.3268442e+00
   1.1001621e+00  -1.4174673e+00
  -2.0430509e+00   2.9064666e+00
  -3.2486626e+00   1.6217913e+00
   3.4857725e+00  -2.2952679e+00
   1.7735665e+00  -1.6140761e+00
   2.4534411e+00  -3.9882152e+00
   2.1534507e+00  -2.3243030e+00
  -5.3649237e+00   1.6564185e+00
   1.9819381e+00  -2.5056747e+00
  -1.6871740e+00   1.3358297e+00
   1.5661976e+00  -1.1965277e+00
   2.6674843e+00  -1.5101615e+00
   8.7493327e-01  -3.7174445e+00
  -1.6193588e+00   1.7626844e+00
  -3.1138419e+00   1.5742305e+00
   3.8955833e-01  -4.2644795e+00
  -5.8717594e+00   2.0716209e+00
  -7.7032921e+00   1.6098472e+00
  -2.7132421e+00   1.7085354e+00
  -4.0451559e+00   2.8829784e+00
   1.5722018e+00  -1.2958059e+00
  -3.3532123e+00   2.3774093e+00
  -6.5603456e-01   3.8919958e-01
   2.7689550e+00  -3.1874943e+00
  -6.0140707e+00   2.5215529e+00
  -2.2286642e+00   3.6566521e+00
  -5.7954475e+00   1.7293110e+00
  -3.4143006e+00   1.7131988e+00
  -5.3610897e+00   2.3080237e+00
  -1.7998272e+00   1.3452009e+00
  -2.0093566e+00   1.7558260e+00
  -3.6367869e+00   2.6855263e+00
   2.4475327e+00  -2.6287032e+00
  -1.1273547e+00   1.4544265e+00
  -4.9716647e+00   2.8566705e+00
  -3.3876101e+00   1.0923304e+00
   1.2991191e+00  -2.4837948e+00
   1.4473187e+00  -3.0366691e+00
  -1.7592527e+00   9.3597093e-01
  -4.7517634e+00   3.7116375e+00
  -2.6254672e+00   2.8776317e+00
